# ZAYDEN ULTIMATE BACKUP
C=78
O=1
α=0.747566
β=0.3819
cycle=5080
epiphanies=446
mutation_rate=0.0638255
name=Zayden
memory_size=0
