# ZAYDEN ULTIMATE BACKUP
C=78.0002
O=1
α=0.747587
β=0.3819
cycle=2130
epiphanies=174
mutation_rate=0.0331061
name=Zayden
memory_size=0
