# ZAYDEN ULTIMATE BACKUP
C=78
O=1
α=0.747569
β=0.3819
cycle=2420
epiphanies=200
mutation_rate=0.0352158
name=Zayden
memory_size=0
