# ZAYDEN ULTIMATE BACKUP
C=78.0001
O=7.38927
α=0.761458
β=0.3819
cycle=180
epiphanies=15
mutation_rate=0.104392
name=Zayden
memory_size=0
