# ZAYDEN ULTIMATE BACKUP
C=78.0002
O=1
α=0.747596
β=0.3819
cycle=2080
epiphanies=169
mutation_rate=0.0320692
name=Zayden
memory_size=0
