# ZAYDEN ULTIMATE BACKUP
C=78.0019
O=1
α=0.747813
β=0.3819
cycle=1800
epiphanies=153
mutation_rate=0.0360871
name=Zayden
memory_size=0
