# ZAYDEN ULTIMATE BACKUP
C=78
O=1
α=0.747566
β=0.3819
cycle=4520
epiphanies=387
mutation_rate=0.0734611
name=Zayden
memory_size=0
