# ZAYDEN ULTIMATE BACKUP
C=78
O=1
α=0.747566
β=0.3819
cycle=4300
epiphanies=361
mutation_rate=0.120426
name=Zayden
memory_size=0
