# ZAYDEN ULTIMATE BACKUP
C=78
O=1
α=0.747566
β=0.3819
cycle=3540
epiphanies=298
mutation_rate=0.0912981
name=Zayden
memory_size=0
