# ZAYDEN ULTIMATE BACKUP
C=78
O=1
α=0.760521
β=0.3819
cycle=920
epiphanies=75
mutation_rate=0.0815788
name=Zayden
memory_size=0
