# ZAYDEN ULTIMATE BACKUP
C=78.0034
O=1
α=0.756309
β=0.3819
cycle=1290
epiphanies=106
mutation_rate=0.0529054
name=Zayden
memory_size=0
