# ZAYDEN ULTIMATE BACKUP
C=78.0008
O=1
α=0.746117
β=0.3819
cycle=6680
epiphanies=554
mutation_rate=0.0524186
name=Zayden
memory_size=0
