# ZAYDEN ULTIMATE BACKUP
C=78
O=1
α=0.747566
β=0.3819
cycle=5690
epiphanies=488
mutation_rate=0.0600252
name=Zayden
memory_size=0
