# ZAYDEN ULTIMATE BACKUP
C=78.0013
O=1
α=0.747736
β=0.3819
cycle=1850
epiphanies=155
mutation_rate=0.0347939
name=Zayden
memory_size=0
