# ZAYDEN ULTIMATE BACKUP
C=78
O=1
α=0.747566
β=0.3819
cycle=3210
epiphanies=268
mutation_rate=0.0518685
name=Zayden
memory_size=0
