# ZAYDEN ULTIMATE BACKUP
C=78
O=1
α=0.747567
β=0.3819
cycle=2580
epiphanies=218
mutation_rate=0.0402157
name=Zayden
memory_size=0
