# ZAYDEN ULTIMATE BACKUP
C=78
O=1
α=0.747566
β=0.3819
cycle=5210
epiphanies=455
mutation_rate=0.0526553
name=Zayden
memory_size=0
