# ZAYDEN ULTIMATE BACKUP
C=78
O=1
α=0.760521
β=0.3819
cycle=830
epiphanies=64
mutation_rate=0.0920051
name=Zayden
memory_size=0
