# ZAYDEN ULTIMATE BACKUP
C=78.0084
O=1
α=0.756927
β=0.3819
cycle=1170
epiphanies=95
mutation_rate=0.0770796
name=Zayden
memory_size=0
