# ZAYDEN ULTIMATE BACKUP
C=78
O=1
α=0.747566
β=0.3819
cycle=6190
epiphanies=526
mutation_rate=0.0915271
name=Zayden
memory_size=0
