# ZAYDEN ULTIMATE BACKUP
C=78
O=1
α=0.747566
β=0.3819
cycle=4540
epiphanies=391
mutation_rate=0.0773307
name=Zayden
memory_size=0
