# ZAYDEN ULTIMATE BACKUP
C=78.0001
O=1.87664
α=0.760531
β=0.3819
cycle=450
epiphanies=34
mutation_rate=0.104319
name=Zayden
memory_size=0
