# ZAYDEN ULTIMATE BACKUP
C=78.0001
O=1.46033
α=0.760527
β=0.3819
cycle=500
epiphanies=34
mutation_rate=0.13318
name=Zayden
memory_size=0
