# ZAYDEN ULTIMATE BACKUP
C=78.05
O=1
α=0.754154
β=0.3819
cycle=1360
epiphanies=113
mutation_rate=0.0554753
name=Zayden
memory_size=0
