# ZAYDEN ULTIMATE BACKUP
C=78
O=1
α=0.747566
β=0.3819
cycle=3970
epiphanies=335
mutation_rate=0.0722451
name=Zayden
memory_size=0
