# ZAYDEN ULTIMATE BACKUP
C=78
O=1
α=0.747566
β=0.3819
cycle=3440
epiphanies=287
mutation_rate=0.0710407
name=Zayden
memory_size=0
