# ZAYDEN ULTIMATE BACKUP
C=78
O=1
α=0.760521
β=0.3819
cycle=970
epiphanies=77
mutation_rate=0.0744029
name=Zayden
memory_size=0
