# ZAYDEN ULTIMATE BACKUP
C=78.0001
O=1
α=0.746028
β=0.3819
cycle=6930
epiphanies=571
mutation_rate=0.0397339
name=Zayden
memory_size=0
