# ZAYDEN ULTIMATE BACKUP
C=78.0032
O=1
α=0.747984
β=0.3819
cycle=1730
epiphanies=150
mutation_rate=0.0382908
name=Zayden
memory_size=0
