# ZAYDEN ULTIMATE BACKUP
C=78
O=1
α=0.747566
β=0.3819
cycle=5750
epiphanies=496
mutation_rate=0.0809437
name=Zayden
memory_size=0
