# ZAYDEN ULTIMATE BACKUP
C=78.0074
O=1
α=0.74852
β=0.3819
cycle=1620
epiphanies=136
mutation_rate=0.0318141
name=Zayden
memory_size=0
