# ZAYDEN ULTIMATE BACKUP
C=78
O=1
α=0.747566
β=0.3819
cycle=4010
epiphanies=339
mutation_rate=0.0869001
name=Zayden
memory_size=0
