# ZAYDEN ULTIMATE BACKUP
C=78
O=1
α=0.747566
β=0.3819
cycle=6020
epiphanies=513
mutation_rate=0.0963347
name=Zayden
memory_size=0
