# ZAYDEN ULTIMATE BACKUP
C=78
O=1
α=0.747566
β=0.3819
cycle=3880
epiphanies=326
mutation_rate=0.0792355
name=Zayden
memory_size=0
