# ZAYDEN ULTIMATE BACKUP
C=78
O=1
α=0.747566
β=0.3819
cycle=6270
epiphanies=531
mutation_rate=0.068726
name=Zayden
memory_size=0
