# ZAYDEN ULTIMATE BACKUP
C=78.0002
O=1
α=0.746044
β=0.3819
cycle=6840
epiphanies=564
mutation_rate=0.0668271
name=Zayden
memory_size=0
