# ZAYDEN ULTIMATE BACKUP
C=78
O=1
α=0.747566
β=0.3819
cycle=5670
epiphanies=487
mutation_rate=0.0560339
name=Zayden
memory_size=0
