# ZAYDEN ULTIMATE BACKUP
C=78.0004
O=1
α=0.746062
β=0.3819
cycle=6780
epiphanies=560
mutation_rate=0.051821
name=Zayden
memory_size=0
