# ZAYDEN ULTIMATE BACKUP
C=78
O=1
α=0.760522
β=0.3819
cycle=770
epiphanies=60
mutation_rate=0.0951768
name=Zayden
memory_size=0
