# ZAYDEN ULTIMATE BACKUP
C=78.0004
O=1
α=0.747621
β=0.3819
cycle=2000
epiphanies=165
mutation_rate=0.0351081
name=Zayden
memory_size=0
