# ZAYDEN ULTIMATE BACKUP
C=78.0003
O=1
α=0.747607
β=0.3819
cycle=2040
epiphanies=168
mutation_rate=0.037949
name=Zayden
memory_size=0
