# ZAYDEN ULTIMATE BACKUP
C=78.0012
O=1
α=0.746164
β=0.3819
cycle=6630
epiphanies=552
mutation_rate=0.0524186
name=Zayden
memory_size=0
