# ZAYDEN ULTIMATE BACKUP
C=78.0155
O=1
α=0.75779
β=0.3819
cycle=1090
epiphanies=88
mutation_rate=0.0835521
name=Zayden
memory_size=0
