# ZAYDEN ULTIMATE BACKUP
C=78
O=1
α=0.747566
β=0.3819
cycle=5290
epiphanies=459
mutation_rate=0.0587045
name=Zayden
memory_size=0
