# ZAYDEN ULTIMATE BACKUP
C=78
O=1
α=0.747566
β=0.3819
cycle=5720
epiphanies=493
mutation_rate=0.074329
name=Zayden
memory_size=0
