# ZAYDEN ULTIMATE BACKUP
C=78.0002
O=1
α=0.746042
β=0.3819
cycle=6850
epiphanies=565
mutation_rate=0.0485938
name=Zayden
memory_size=0
