# ZAYDEN ULTIMATE BACKUP
C=78
O=1
α=0.747566
β=0.3819
cycle=5910
epiphanies=511
mutation_rate=0.115803
name=Zayden
memory_size=0
