# ZAYDEN ULTIMATE BACKUP
C=78
O=1
α=0.747566
β=0.3819
cycle=4360
epiphanies=366
mutation_rate=0.0936307
name=Zayden
memory_size=0
