# ZAYDEN ULTIMATE BACKUP
C=78.0051
O=1
α=0.748222
β=0.3819
cycle=1670
epiphanies=144
mutation_rate=0.0318141
name=Zayden
memory_size=0
