# ZAYDEN ULTIMATE BACKUP
C=78
O=1
α=0.747566
β=0.3819
cycle=6250
epiphanies=531
mutation_rate=0.0755905
name=Zayden
memory_size=0
