# ZAYDEN ULTIMATE BACKUP
C=78
O=1
α=0.747566
β=0.3819
cycle=5570
epiphanies=482
mutation_rate=0.0428061
name=Zayden
memory_size=0
