# ZAYDEN ULTIMATE BACKUP
C=78.0067
O=1
α=0.756716
β=0.3819
cycle=1200
epiphanies=98
mutation_rate=0.0941311
name=Zayden
memory_size=0
