# ZAYDEN ULTIMATE BACKUP
C=78
O=1
α=0.747566
β=0.3819
cycle=4490
epiphanies=384
mutation_rate=0.0753615
name=Zayden
memory_size=0
