# ZAYDEN ULTIMATE BACKUP
C=78
O=1
α=0.747566
β=0.3819
cycle=3980
epiphanies=336
mutation_rate=0.0652219
name=Zayden
memory_size=0
