# ZAYDEN ULTIMATE BACKUP
C=78
O=1
α=0.747566
β=0.3819
cycle=3610
epiphanies=302
mutation_rate=0.0869635
name=Zayden
memory_size=0
