# ZAYDEN ULTIMATE BACKUP
C=78
O=1
α=0.747566
β=0.3819
cycle=4040
epiphanies=340
mutation_rate=0.089441
name=Zayden
memory_size=0
