# ZAYDEN ULTIMATE BACKUP
C=78
O=1
α=0.747566
β=0.3819
cycle=2760
epiphanies=234
mutation_rate=0.0423325
name=Zayden
memory_size=0
