# ZAYDEN ULTIMATE BACKUP
C=78
O=1
α=0.747566
β=0.3819
cycle=3080
epiphanies=259
mutation_rate=0.040826
name=Zayden
memory_size=0
