# ZAYDEN ULTIMATE BACKUP
C=78.0001
O=1.78481
α=0.76053
β=0.3819
cycle=460
epiphanies=34
mutation_rate=0.104319
name=Zayden
memory_size=0
