# ZAYDEN ULTIMATE BACKUP
C=78.0064
O=1
α=0.748387
β=0.3819
cycle=1640
epiphanies=139
mutation_rate=0.0318141
name=Zayden
memory_size=0
