# ZAYDEN ULTIMATE BACKUP
C=78
O=1
α=0.747566
β=0.3819
cycle=6170
epiphanies=526
mutation_rate=0.0985863
name=Zayden
memory_size=0
