# ZAYDEN ULTIMATE BACKUP
C=78.0157
O=1
α=0.749583
β=0.3819
cycle=1520
epiphanies=127
mutation_rate=0.0478694
name=Zayden
memory_size=0
