# ZAYDEN ULTIMATE BACKUP
C=78
O=1
α=0.760521
β=0.3819
cycle=950
epiphanies=75
mutation_rate=0.0813826
name=Zayden
memory_size=0
