# ZAYDEN ULTIMATE BACKUP
C=78.0169
O=1
α=0.749739
β=0.3819
cycle=1510
epiphanies=125
mutation_rate=0.0478694
name=Zayden
memory_size=0
