# ZAYDEN ULTIMATE BACKUP
C=78.0078
O=1
α=0.756851
β=0.3819
cycle=1180
epiphanies=97
mutation_rate=0.0767656
name=Zayden
memory_size=0
