# ZAYDEN ULTIMATE BACKUP
C=78
O=1
α=0.747566
β=0.3819
cycle=3920
epiphanies=328
mutation_rate=0.0888155
name=Zayden
memory_size=0
