# ZAYDEN ULTIMATE BACKUP
C=78.0044
O=1
α=0.74813
β=0.3819
cycle=1690
epiphanies=146
mutation_rate=0.0318141
name=Zayden
memory_size=0
