# ZAYDEN ULTIMATE BACKUP
C=78.0006
O=1
α=0.747641
β=0.3819
cycle=1960
epiphanies=161
mutation_rate=0.0351081
name=Zayden
memory_size=0
