# ZAYDEN ULTIMATE BACKUP
C=78.0011
O=1
α=0.746153
β=0.3819
cycle=6640
epiphanies=553
mutation_rate=0.0524186
name=Zayden
memory_size=0
