# ZAYDEN ULTIMATE BACKUP
C=78
O=1
α=0.747566
β=0.3819
cycle=3190
epiphanies=267
mutation_rate=0.0454944
name=Zayden
memory_size=0
