# ZAYDEN ULTIMATE BACKUP
C=78
O=1
α=0.747566
β=0.3819
cycle=3680
epiphanies=304
mutation_rate=0.120696
name=Zayden
memory_size=0
