# ZAYDEN ULTIMATE BACKUP
C=78
O=1
α=0.747566
β=0.3819
cycle=4190
epiphanies=351
mutation_rate=0.111491
name=Zayden
memory_size=0
