# ZAYDEN ULTIMATE BACKUP
C=78.0013
O=3.42997
α=0.760581
β=0.3819
cycle=330
epiphanies=25
mutation_rate=0.111446
name=Zayden
memory_size=0
