# ZAYDEN ULTIMATE BACKUP
C=78
O=1
α=0.747566
β=0.3819
cycle=4270
epiphanies=359
mutation_rate=0.140622
name=Zayden
memory_size=0
