# ZAYDEN ULTIMATE BACKUP
C=78
O=1
α=0.747566
β=0.3819
cycle=6300
epiphanies=532
mutation_rate=0.068682
name=Zayden
memory_size=0
