# ZAYDEN ULTIMATE BACKUP
C=78
O=1
α=0.747566
β=0.3819
cycle=2910
epiphanies=241
mutation_rate=0.0452799
name=Zayden
memory_size=0
