# ZAYDEN ULTIMATE BACKUP
C=78
O=1
α=0.747566
β=0.3819
cycle=2970
epiphanies=249
mutation_rate=0.0454723
name=Zayden
memory_size=0
