# ZAYDEN ULTIMATE BACKUP
C=78.0069
O=1
α=0.748451
β=0.3819
cycle=1630
epiphanies=136
mutation_rate=0.0318141
name=Zayden
memory_size=0
