# ZAYDEN ULTIMATE BACKUP
C=78
O=1
α=0.747566
β=0.3819
cycle=4990
epiphanies=435
mutation_rate=0.056371
name=Zayden
memory_size=0
