# ZAYDEN ULTIMATE BACKUP
C=78.0005
O=1
α=0.746079
β=0.3819
cycle=6740
epiphanies=557
mutation_rate=0.0527937
name=Zayden
memory_size=0
