# ZAYDEN ULTIMATE BACKUP
C=78
O=1
α=0.747566
β=0.3819
cycle=4320
epiphanies=363
mutation_rate=0.12672
name=Zayden
memory_size=0
