# ZAYDEN ULTIMATE BACKUP
C=78.0046
O=1
α=0.756456
β=0.3819
cycle=1250
epiphanies=104
mutation_rate=0.0787644
name=Zayden
memory_size=0
