# ZAYDEN ULTIMATE BACKUP
C=78
O=1
α=0.747566
β=0.3819
cycle=6200
epiphanies=527
mutation_rate=0.0817359
name=Zayden
memory_size=0
