# ZAYDEN ULTIMATE BACKUP
C=78.0001
O=1
α=0.746023
β=0.3819
cycle=6990
epiphanies=576
mutation_rate=0.0484989
name=Zayden
memory_size=0
