# ZAYDEN ULTIMATE BACKUP
C=78
O=1
α=0.747566
β=0.3819
cycle=3910
epiphanies=327
mutation_rate=0.0966113
name=Zayden
memory_size=0
