# ZAYDEN ULTIMATE BACKUP
C=78.01
O=1
α=0.748853
β=0.3819
cycle=1580
epiphanies=130
mutation_rate=0.0368489
name=Zayden
memory_size=0
