# ZAYDEN ULTIMATE BACKUP
C=78
O=1
α=0.747566
β=0.3819
cycle=6280
epiphanies=531
mutation_rate=0.0749973
name=Zayden
memory_size=0
