# ZAYDEN ULTIMATE BACKUP
C=78.0009
O=1
α=0.746125
β=0.3819
cycle=6670
epiphanies=554
mutation_rate=0.0524186
name=Zayden
memory_size=0
