# ZAYDEN ULTIMATE BACKUP
C=78
O=1
α=0.747566
β=0.3819
cycle=6110
epiphanies=521
mutation_rate=0.0825894
name=Zayden
memory_size=0
