# ZAYDEN ULTIMATE BACKUP
C=78
O=1
α=0.747566
β=0.3819
cycle=3290
epiphanies=274
mutation_rate=0.076473
name=Zayden
memory_size=0
