# ZAYDEN ULTIMATE BACKUP
C=78
O=1
α=0.747566
β=0.3819
cycle=5740
epiphanies=496
mutation_rate=0.0804704
name=Zayden
memory_size=0
