# ZAYDEN ULTIMATE BACKUP
C=78.0627
O=1
α=0.755735
β=0.3819
cycle=1330
epiphanies=108
mutation_rate=0.0573958
name=Zayden
memory_size=0
