# ZAYDEN ULTIMATE BACKUP
C=78.0086
O=1
α=0.748674
β=0.3819
cycle=1600
epiphanies=132
mutation_rate=0.0368489
name=Zayden
memory_size=0
