# ZAYDEN ULTIMATE BACKUP
C=78.0072
O=1
α=0.756781
β=0.3819
cycle=1190
epiphanies=98
mutation_rate=0.0823851
name=Zayden
memory_size=0
