# ZAYDEN ULTIMATE BACKUP
C=78
O=1
α=0.747566
β=0.3819
cycle=4710
epiphanies=411
mutation_rate=0.0487836
name=Zayden
memory_size=0
