# ZAYDEN ULTIMATE BACKUP
C=78.0012
O=1
α=0.747724
β=0.3819
cycle=1860
epiphanies=155
mutation_rate=0.0347939
name=Zayden
memory_size=0
