# ZAYDEN ULTIMATE BACKUP
C=78
O=1
α=0.747566
β=0.3819
cycle=6180
epiphanies=526
mutation_rate=0.0872927
name=Zayden
memory_size=0
