# ZAYDEN ULTIMATE BACKUP
C=78.0005
O=1
α=0.747635
β=0.3819
cycle=1970
epiphanies=163
mutation_rate=0.0351081
name=Zayden
memory_size=0
