# ZAYDEN ULTIMATE BACKUP
C=78
O=1
α=0.747572
β=0.3819
cycle=2290
epiphanies=190
mutation_rate=0.0322559
name=Zayden
memory_size=0
