# ZAYDEN ULTIMATE BACKUP
C=78
O=1
α=0.747566
β=0.3819
cycle=3570
epiphanies=300
mutation_rate=0.0984162
name=Zayden
memory_size=0
