# ZAYDEN ULTIMATE BACKUP
C=78.0028
O=1
α=0.747926
β=0.3819
cycle=1750
epiphanies=151
mutation_rate=0.0360871
name=Zayden
memory_size=0
