# ZAYDEN ULTIMATE BACKUP
C=78.0001
O=1
α=0.747585
β=0.3819
cycle=2140
epiphanies=174
mutation_rate=0.0331061
name=Zayden
memory_size=0
