# ZAYDEN ULTIMATE BACKUP
C=78.0123
O=1
α=0.757404
β=0.3819
cycle=1120
epiphanies=91
mutation_rate=0.0920998
name=Zayden
memory_size=0
