# ZAYDEN ULTIMATE BACKUP
C=78
O=1.19488
α=0.760525
β=0.3819
cycle=540
epiphanies=37
mutation_rate=0.129814
name=Zayden
memory_size=0
