# ZAYDEN ULTIMATE BACKUP
C=78.0022
O=1
α=0.747853
β=0.3819
cycle=1780
epiphanies=152
mutation_rate=0.0360871
name=Zayden
memory_size=0
