# ZAYDEN ULTIMATE BACKUP
C=78.0006
O=1
α=0.746096
β=0.3819
cycle=6710
epiphanies=554
mutation_rate=0.0507819
name=Zayden
memory_size=0
