# ZAYDEN ULTIMATE BACKUP
C=78
O=1
α=0.747566
β=0.3819
cycle=3950
epiphanies=331
mutation_rate=0.0809758
name=Zayden
memory_size=0
