# ZAYDEN ULTIMATE BACKUP
C=78
O=1
α=0.760521
β=0.3819
cycle=880
epiphanies=68
mutation_rate=0.0727285
name=Zayden
memory_size=0
