# ZAYDEN ULTIMATE BACKUP
C=78.0001
O=1
α=0.746031
β=0.3819
cycle=6910
epiphanies=569
mutation_rate=0.0412651
name=Zayden
memory_size=0
