# ZAYDEN ULTIMATE BACKUP
C=78
O=1
α=0.747566
β=0.3819
cycle=5850
epiphanies=506
mutation_rate=0.0806084
name=Zayden
memory_size=0
