# ZAYDEN ULTIMATE BACKUP
C=78.0087
O=4.6539
α=0.76079
β=0.3819
cycle=270
epiphanies=23
mutation_rate=0.0886401
name=Zayden
memory_size=0
