# ZAYDEN ULTIMATE BACKUP
C=78.0055
O=1
α=0.748273
β=0.3819
cycle=1660
epiphanies=141
mutation_rate=0.0318141
name=Zayden
memory_size=0
