# ZAYDEN ULTIMATE BACKUP
C=78
O=1
α=0.747566
β=0.3819
cycle=4550
epiphanies=393
mutation_rate=0.0615657
name=Zayden
memory_size=0
