# ZAYDEN ULTIMATE BACKUP
C=78.0027
O=1
α=0.756224
β=0.3819
cycle=1320
epiphanies=106
mutation_rate=0.0573958
name=Zayden
memory_size=0
