# ZAYDEN ULTIMATE BACKUP
C=78
O=1
α=0.747566
β=0.3819
cycle=5320
epiphanies=461
mutation_rate=0.063573
name=Zayden
memory_size=0
