# ZAYDEN ULTIMATE BACKUP
C=78.0002
O=1
α=0.746039
β=0.3819
cycle=6860
epiphanies=567
mutation_rate=0.0442102
name=Zayden
memory_size=0
