# ZAYDEN ULTIMATE BACKUP
C=78.0001
O=1.97321
α=0.760532
β=0.3819
cycle=440
epiphanies=34
mutation_rate=0.0909134
name=Zayden
memory_size=0
