# ZAYDEN ULTIMATE BACKUP
C=78.0001
O=1
α=0.74603
β=0.3819
cycle=6920
epiphanies=570
mutation_rate=0.0397339
name=Zayden
memory_size=0
