# ZAYDEN ULTIMATE BACKUP
C=78
O=5.7511
α=0.761457
β=0.3819
cycle=230
epiphanies=21
mutation_rate=0.0948634
name=Zayden
memory_size=0
