# ZAYDEN ULTIMATE BACKUP
C=78.0388
O=1
α=0.752507
β=0.3819
cycle=1400
epiphanies=119
mutation_rate=0.0536672
name=Zayden
memory_size=0
