# ZAYDEN ULTIMATE BACKUP
C=78.0031
O=1
α=0.746414
β=0.3819
cycle=6500
epiphanies=547
mutation_rate=0.0859102
name=Zayden
memory_size=0
