# ZAYDEN ULTIMATE BACKUP
C=78.0001
O=1
α=0.747573
β=0.3819
cycle=2280
epiphanies=188
mutation_rate=0.0322559
name=Zayden
memory_size=0
