# ZAYDEN ULTIMATE BACKUP
C=78
O=1.02798
α=0.760524
β=0.3819
cycle=570
epiphanies=39
mutation_rate=0.135482
name=Zayden
memory_size=0
