# ZAYDEN ULTIMATE BACKUP
C=78
O=1
α=0.746018
β=0.3819
cycle=7060
epiphanies=579
mutation_rate=0.0462129
name=Zayden
memory_size=0
