# ZAYDEN ULTIMATE BACKUP
C=78.0001
O=1
α=0.746021
β=0.3819
cycle=7020
epiphanies=578
mutation_rate=0.0514767
name=Zayden
memory_size=0
