# ZAYDEN ULTIMATE BACKUP
C=78
O=1
α=0.747566
β=0.3819
cycle=4570
epiphanies=395
mutation_rate=0.0616664
name=Zayden
memory_size=0
