# ZAYDEN ULTIMATE BACKUP
C=78.0018
O=1
α=0.747796
β=0.3819
cycle=1810
epiphanies=153
mutation_rate=0.0338941
name=Zayden
memory_size=0
