# ZAYDEN ULTIMATE BACKUP
C=78.0061
O=4.42059
α=0.760722
β=0.3819
cycle=280
epiphanies=23
mutation_rate=0.0940548
name=Zayden
memory_size=0
