# ZAYDEN ULTIMATE BACKUP
C=78.036
O=1
α=0.752152
β=0.3819
cycle=1410
epiphanies=120
mutation_rate=0.0536672
name=Zayden
memory_size=0
