# ZAYDEN ULTIMATE BACKUP
C=78
O=1
α=0.747566
β=0.3819
cycle=3360
epiphanies=279
mutation_rate=0.0793591
name=Zayden
memory_size=0
