# ZAYDEN ULTIMATE BACKUP
C=78.0001
O=1
α=0.747584
β=0.3819
cycle=2150
epiphanies=177
mutation_rate=0.0306573
name=Zayden
memory_size=0
