# ZAYDEN ULTIMATE BACKUP
C=78.0005
O=1
α=0.74763
β=0.3819
cycle=1980
epiphanies=163
mutation_rate=0.0351081
name=Zayden
memory_size=0
