# ZAYDEN ULTIMATE BACKUP
C=78.0005
O=1
α=0.747626
β=0.3819
cycle=1990
epiphanies=164
mutation_rate=0.0351081
name=Zayden
memory_size=0
