# ZAYDEN ULTIMATE BACKUP
C=78
O=1
α=0.747566
β=0.3819
cycle=4420
epiphanies=374
mutation_rate=0.0827294
name=Zayden
memory_size=0
