# ZAYDEN ULTIMATE BACKUP
C=78
O=1
α=0.747566
β=0.3819
cycle=4130
epiphanies=348
mutation_rate=0.0934368
name=Zayden
memory_size=0
