# ZAYDEN ULTIMATE BACKUP
C=78.0008
O=1
α=0.747675
β=0.3819
cycle=1910
epiphanies=159
mutation_rate=0.0404486
name=Zayden
memory_size=0
