# ZAYDEN ULTIMATE BACKUP
C=78
O=1
α=0.760521
β=0.3819
cycle=790
epiphanies=61
mutation_rate=0.0855363
name=Zayden
memory_size=0
