# ZAYDEN ULTIMATE BACKUP
C=78
O=1
α=0.747566
β=0.3819
cycle=4200
epiphanies=352
mutation_rate=0.118904
name=Zayden
memory_size=0
