# ZAYDEN ULTIMATE BACKUP
C=78
O=6.35755
α=0.761457
β=0.3819
cycle=210
epiphanies=19
mutation_rate=0.0948634
name=Zayden
memory_size=0
