# ZAYDEN ULTIMATE BACKUP
C=78
O=1
α=0.747567
β=0.3819
cycle=2520
epiphanies=212
mutation_rate=0.0320048
name=Zayden
memory_size=0
