# ZAYDEN ULTIMATE BACKUP
C=78.043
O=1
α=0.753279
β=0.3819
cycle=1380
epiphanies=116
mutation_rate=0.0517529
name=Zayden
memory_size=0
