# ZAYDEN ULTIMATE BACKUP
C=78
O=1
α=0.747566
β=0.3819
cycle=3520
epiphanies=295
mutation_rate=0.0903274
name=Zayden
memory_size=0
