# ZAYDEN ULTIMATE BACKUP
C=78.0023
O=1
α=0.74631
β=0.3819
cycle=6540
epiphanies=550
mutation_rate=0.078682
name=Zayden
memory_size=0
