# ZAYDEN ULTIMATE BACKUP
C=78.0167
O=1
α=0.757939
β=0.3819
cycle=1080
epiphanies=88
mutation_rate=0.0835521
name=Zayden
memory_size=0
