# ZAYDEN ULTIMATE BACKUP
C=78.0001
O=1.38889
α=0.760527
β=0.3819
cycle=510
epiphanies=34
mutation_rate=0.144121
name=Zayden
memory_size=0
