# ZAYDEN ULTIMATE BACKUP
C=78.0194
O=1
α=0.758274
β=0.3819
cycle=1060
epiphanies=82
mutation_rate=0.121874
name=Zayden
memory_size=0
