# ZAYDEN ULTIMATE BACKUP
C=78
O=1
α=0.747566
β=0.3819
cycle=3770
epiphanies=314
mutation_rate=0.0767735
name=Zayden
memory_size=0
