# ZAYDEN ULTIMATE BACKUP
C=78.0038
O=1
α=0.748052
β=0.3819
cycle=1710
epiphanies=147
mutation_rate=0.0329067
name=Zayden
memory_size=0
