# ZAYDEN ULTIMATE BACKUP
C=78.0001
O=7.76917
α=0.761458
β=0.3819
cycle=170
epiphanies=12
mutation_rate=0.115919
name=Zayden
memory_size=0
