# ZAYDEN ULTIMATE BACKUP
C=78.0002
O=1
α=0.746038
β=0.3819
cycle=6870
epiphanies=568
mutation_rate=0.0442102
name=Zayden
memory_size=0
