# ZAYDEN ULTIMATE BACKUP
C=78.0125
O=1
α=0.749177
β=0.3819
cycle=1550
epiphanies=128
mutation_rate=0.0407064
name=Zayden
memory_size=0
