# ZAYDEN ULTIMATE BACKUP
C=78
O=1
α=0.746018
β=0.3819
cycle=7070
epiphanies=580
mutation_rate=0.0447782
name=Zayden
memory_size=0
