# ZAYDEN ULTIMATE BACKUP
C=78.0006
O=1
α=0.746084
β=0.3819
cycle=6730
epiphanies=557
mutation_rate=0.0490662
name=Zayden
memory_size=0
