# ZAYDEN ULTIMATE BACKUP
C=78
O=1
α=0.747566
β=0.3819
cycle=3850
epiphanies=324
mutation_rate=0.0719155
name=Zayden
memory_size=0
