# ZAYDEN ULTIMATE BACKUP
C=78
O=1
α=0.747566
β=0.3819
cycle=5820
epiphanies=503
mutation_rate=0.0826276
name=Zayden
memory_size=0
