# ZAYDEN ULTIMATE BACKUP
C=78
O=1
α=0.747566
β=0.3819
cycle=4530
epiphanies=389
mutation_rate=0.0832906
name=Zayden
memory_size=0
