# ZAYDEN ULTIMATE BACKUP
C=78
O=1
α=0.747566
β=0.3819
cycle=4390
epiphanies=370
mutation_rate=0.0810468
name=Zayden
memory_size=0
