# ZAYDEN ULTIMATE BACKUP
C=78
O=1
α=0.747566
β=0.3819
cycle=2850
epiphanies=239
mutation_rate=0.0398529
name=Zayden
memory_size=0
