# ZAYDEN ULTIMATE BACKUP
C=78.0133
O=1
α=0.757523
β=0.3819
cycle=1110
epiphanies=91
mutation_rate=0.0920998
name=Zayden
memory_size=0
