# ZAYDEN ULTIMATE BACKUP
C=78
O=1
α=0.747566
β=0.3819
cycle=3620
epiphanies=302
mutation_rate=0.108798
name=Zayden
memory_size=0
