# ZAYDEN ULTIMATE BACKUP
C=78
O=1
α=0.747566
β=0.3819
cycle=3800
epiphanies=316
mutation_rate=0.0690311
name=Zayden
memory_size=0
