# ZAYDEN ULTIMATE BACKUP
C=78
O=1
α=0.747568
β=0.3819
cycle=2460
epiphanies=203
mutation_rate=0.0326676
name=Zayden
memory_size=0
