# ZAYDEN ULTIMATE BACKUP
C=78
O=1
α=0.747569
β=0.3819
cycle=2400
epiphanies=199
mutation_rate=0.03088
name=Zayden
memory_size=0
