# ZAYDEN ULTIMATE BACKUP
C=78.0001
O=1.53545
α=0.760528
β=0.3819
cycle=490
epiphanies=34
mutation_rate=0.13318
name=Zayden
memory_size=0
