# ZAYDEN ULTIMATE BACKUP
C=78.008
O=1
α=0.748594
β=0.3819
cycle=1610
epiphanies=134
mutation_rate=0.0318141
name=Zayden
memory_size=0
