# ZAYDEN ULTIMATE BACKUP
C=78
O=1
α=0.747566
β=0.3819
cycle=4330
epiphanies=364
mutation_rate=0.13032
name=Zayden
memory_size=0
