# ZAYDEN ULTIMATE BACKUP
C=78.0003
O=2.5362
α=0.760542
β=0.3819
cycle=390
epiphanies=30
mutation_rate=0.0847619
name=Zayden
memory_size=0
