# ZAYDEN ULTIMATE BACKUP
C=78.0048
O=1
α=0.746641
β=0.3819
cycle=6440
epiphanies=546
mutation_rate=0.0805364
name=Zayden
memory_size=0
