# ZAYDEN ULTIMATE BACKUP
C=78.0056
O=1
α=0.746743
β=0.3819
cycle=6420
epiphanies=545
mutation_rate=0.0756746
name=Zayden
memory_size=0
