# ZAYDEN ULTIMATE BACKUP
C=78.0006
O=2.94899
α=0.760555
β=0.3819
cycle=360
epiphanies=27
mutation_rate=0.0885265
name=Zayden
memory_size=0
