# ZAYDEN ULTIMATE BACKUP
C=78.0001
O=1
α=0.74602
β=0.3819
cycle=7030
epiphanies=579
mutation_rate=0.0514767
name=Zayden
memory_size=0
