# ZAYDEN ULTIMATE BACKUP
C=78.0014
O=1
α=0.747749
β=0.3819
cycle=1840
epiphanies=154
mutation_rate=0.0341555
name=Zayden
memory_size=0
