# ZAYDEN ULTIMATE BACKUP
C=78.0027
O=1
α=0.746358
β=0.3819
cycle=6520
epiphanies=548
mutation_rate=0.0859102
name=Zayden
memory_size=0
