# ZAYDEN ULTIMATE BACKUP
C=78
O=1
α=0.747566
β=0.3819
cycle=4600
epiphanies=398
mutation_rate=0.0540929
name=Zayden
memory_size=0
