# ZAYDEN ULTIMATE BACKUP
C=78.0013
O=1
α=0.746176
β=0.3819
cycle=6620
epiphanies=552
mutation_rate=0.0524186
name=Zayden
memory_size=0
