# ZAYDEN ULTIMATE BACKUP
C=78.0143
O=1
α=0.757651
β=0.3819
cycle=1100
epiphanies=89
mutation_rate=0.0810236
name=Zayden
memory_size=0
