# ZAYDEN ULTIMATE BACKUP
C=78.0014
O=1
α=0.746188
β=0.3819
cycle=6610
epiphanies=551
mutation_rate=0.057448
name=Zayden
memory_size=0
