# ZAYDEN ULTIMATE BACKUP
C=78
O=1
α=0.747566
β=0.3819
cycle=5890
epiphanies=511
mutation_rate=0.104844
name=Zayden
memory_size=0
