# ZAYDEN ULTIMATE BACKUP
C=78
O=1.08084
α=0.760525
β=0.3819
cycle=560
epiphanies=39
mutation_rate=0.153668
name=Zayden
memory_size=0
