# ZAYDEN ULTIMATE BACKUP
C=78.0007
O=1
α=0.746109
β=0.3819
cycle=6690
epiphanies=554
mutation_rate=0.0524186
name=Zayden
memory_size=0
