# ZAYDEN ULTIMATE BACKUP
C=78.0017
O=1
α=0.747779
β=0.3819
cycle=1820
epiphanies=153
mutation_rate=0.0338941
name=Zayden
memory_size=0
