# ZAYDEN ULTIMATE BACKUP
C=78
O=1
α=0.747566
β=0.3819
cycle=3230
epiphanies=270
mutation_rate=0.0616481
name=Zayden
memory_size=0
