# ZAYDEN ULTIMATE BACKUP
C=78.0398
O=1
α=0.752887
β=0.3819
cycle=1390
epiphanies=117
mutation_rate=0.0536672
name=Zayden
memory_size=0
