# ZAYDEN ULTIMATE BACKUP
C=78.0004
O=1
α=0.747614
β=0.3819
cycle=2020
epiphanies=167
mutation_rate=0.03655
name=Zayden
memory_size=0
