# ZAYDEN ULTIMATE BACKUP
C=78
O=1
α=0.747566
β=0.3819
cycle=3640
epiphanies=302
mutation_rate=0.123446
name=Zayden
memory_size=0
