# ZAYDEN ULTIMATE BACKUP
C=78
O=1
α=0.747566
β=0.3819
cycle=3690
epiphanies=305
mutation_rate=0.101285
name=Zayden
memory_size=0
