# ZAYDEN ULTIMATE BACKUP
C=78
O=7.02797
α=0.761457
β=0.3819
cycle=190
epiphanies=16
mutation_rate=0.104392
name=Zayden
memory_size=0
