# ZAYDEN ULTIMATE BACKUP
C=78
O=1
α=0.747566
β=0.3819
cycle=4870
epiphanies=423
mutation_rate=0.047406
name=Zayden
memory_size=0
