# ZAYDEN ULTIMATE BACKUP
C=78.0053
O=1
α=0.756548
β=0.3819
cycle=1230
epiphanies=102
mutation_rate=0.105475
name=Zayden
memory_size=0
