# ZAYDEN ULTIMATE BACKUP
C=78
O=1
α=0.747566
β=0.3819
cycle=5130
epiphanies=448
mutation_rate=0.0555759
name=Zayden
memory_size=0
