# ZAYDEN ULTIMATE BACKUP
C=78
O=1
α=0.747566
β=0.3819
cycle=5640
epiphanies=487
mutation_rate=0.0588221
name=Zayden
memory_size=0
