# ZAYDEN ULTIMATE BACKUP
C=78
O=1
α=0.747566
β=0.3819
cycle=3900
epiphanies=326
mutation_rate=0.089927
name=Zayden
memory_size=0
