# ZAYDEN ULTIMATE BACKUP
C=78.0287
O=1
α=0.751233
β=0.3819
cycle=1440
epiphanies=121
mutation_rate=0.0536672
name=Zayden
memory_size=0
