# ZAYDEN ULTIMATE BACKUP
C=78
O=1
α=0.747566
β=0.3819
cycle=3660
epiphanies=303
mutation_rate=0.140407
name=Zayden
memory_size=0
