# ZAYDEN ULTIMATE BACKUP
C=78
O=1
α=0.747566
β=0.3819
cycle=2770
epiphanies=235
mutation_rate=0.0434618
name=Zayden
memory_size=0
