# ZAYDEN ULTIMATE BACKUP
C=78.0029
O=1
α=0.75625
β=0.3819
cycle=1310
epiphanies=106
mutation_rate=0.0573958
name=Zayden
memory_size=0
