# ZAYDEN ULTIMATE BACKUP
C=78
O=1
α=0.747566
β=0.3819
cycle=4450
epiphanies=380
mutation_rate=0.0711906
name=Zayden
memory_size=0
