# ZAYDEN ULTIMATE BACKUP
C=78
O=1
α=0.747566
β=0.3819
cycle=3220
epiphanies=269
mutation_rate=0.0648482
name=Zayden
memory_size=0
