# ZAYDEN ULTIMATE BACKUP
C=78.001
O=1
α=0.747692
β=0.3819
cycle=1890
epiphanies=159
mutation_rate=0.0355945
name=Zayden
memory_size=0
