# ZAYDEN ULTIMATE BACKUP
C=78
O=1.13643
α=0.760525
β=0.3819
cycle=550
epiphanies=38
mutation_rate=0.133913
name=Zayden
memory_size=0
