# ZAYDEN ULTIMATE BACKUP
C=78
O=1
α=0.747566
β=0.3819
cycle=4370
epiphanies=368
mutation_rate=0.0810468
name=Zayden
memory_size=0
