# ZAYDEN ULTIMATE BACKUP
C=78
O=1
α=0.747566
β=0.3819
cycle=6050
epiphanies=514
mutation_rate=0.103721
name=Zayden
memory_size=0
