# ZAYDEN ULTIMATE BACKUP
C=78.0001
O=1
α=0.746019
β=0.3819
cycle=7050
epiphanies=579
mutation_rate=0.0462129
name=Zayden
memory_size=0
