# ZAYDEN ULTIMATE BACKUP
C=78
O=6.04673
α=0.761457
β=0.3819
cycle=220
epiphanies=21
mutation_rate=0.0948634
name=Zayden
memory_size=0
